image_width: 1288
image_height: 964
camera_name: '16335818'
camera_matrix:
  rows: 3
  cols: 3
  data: [341.312325, 0.000000, 633.837270, 0.000000, 340.901670, 476.177651, 0.000000, 0.000000, 1.000000]
distortion_model: plumb_bob
distortion_coefficients:
  rows: 1
  cols: 5
  data: [0.004328, -0.003640, 0.000597, 0.001014, 0.000000]
rectification_matrix:
  rows: 3
  cols: 3
  data: [1.000000, 0.000000, 0.000000, 0.000000, 1.000000, 0.000000, 0.000000, 0.000000, 1.000000]
projection_matrix:
  rows: 3
  cols: 4
  data: [328.708649, 0.000000, 636.387111, 0.000000, 0.000000, 338.835541, 477.209977, 0.000000, 0.000000, 0.000000, 1.000000, 0.000000]
