image_width: 2048
image_height: 1536
camera_name: narrow_stereo
camera_matrix:
  rows: 3
  cols: 3
  data: [1305.219602, 0.000000, 1018.070762, 0.000000, 1304.174768, 800.096643, 0.000000, 0.000000, 1.000000]
distortion_model: plumb_bob
distortion_coefficients:
  rows: 1
  cols: 5
  data: [-0.047985, 0.040940, 0.000166, -0.000859, 0.000000]
rectification_matrix:
  rows: 3
  cols: 3
  data: [1.000000, 0.000000, 0.000000, 0.000000, 1.000000, 0.000000, 0.000000, 0.000000, 1.000000]
projection_matrix:
  rows: 3
  cols: 4
  data: [1296.001709, 0.000000, 1015.920010, 0.000000, 0.000000, 1295.419434, 799.779206, 0.000000, 0.000000, 0.000000, 1.000000, 0.000000]
